000000010110011100111111011010101101001010111101111010010011111001000000001101010111
000010010110011100111111011010101101001010111101111010010011111001000000001101010111
000100010110011100111111011010101101001010111101111010010011111001000000001101010111
000110010110011100111111011010101101001010111101111010010011111001000000001101010111
001000010110011100111111011010101101001010111101111010010011111001000000001101010111
001010010110011100111111011010101101001010111101111010010011111001000000001101010111
001100010110011100111111011010101101001010111101111010010011111001000000001101010111
001110010110011100111111011010101101001010111101111010010011111001000000001101010111
010000010110011100111111011010101101001010111101111010010011111001000000001101010111
010010010110011100111111011010101101001010111101111010010011111001000000001101010111
010100010110011100111111011010101101001010111101111010010011111001000000001101010111
010110010110011100111111011010101101001010111101111010010011111001000000001101010111
011000010110011100111111011010101101001010111101111010010011111001000000001101010111
011010010110011100111111011010101101001010111101111010010011111001000000001101010111
011100010110011100111111011010101101001010111101111010010011111001000000001101010111
011110010110011100111111011010101101001010111101111010010011111001000000001101010111
100000010110011100111111011010101101001010111101111010010011111001000000001101010111
100010010110011100111111011010101101001010111101111010010011111001000000001101010111
100100010110011100111111011010101101001010111101111010010011111001000000001101010111
100110010110011100111111011010101101001010111101111010010011111001000000001101010111
101000010110011100111111011010101101001010111101111010010011111001000000001101010111
101010010110011100111111011010101101001010111101111010010011111001000000001101010111
101100010110011100111111011010101101001010111101111010010011111001000000001101010111
101110010110011100111111011010101101001010111101111010010011111001000000001101010111
110000010110011100111111011010101101001010111101111010010011111001000000001101010111
110010010110011100111111011010101101001010111101111010010011111001000000001101010111
110100010110011100111111011010101101001010111101111010010011111001000000001101010111
110110010110011100111111011010101101001010111101111010010011111001000000001101010111
111000010110011100111111011010101101001010111101111010010011111001000000001101010111
111010010110011100111111011010101101001010111101111010010011111001000000001101010111
111100010110011100111111011010101101001010111101111010010011111001000000001101010111
111110010110011100111111011010101101001010111101111010010011111001000000001101010111
